LRUPolicy
Memory Size vs Hit Rate
8020 Workload
5	14.499999999999998
10	30.7
15	44.2
20	56.39999999999999
25	68.10000000000001
30	75.5
35	80.30000000000001
40	82.69999999999999
45	84.39999999999999
50	85.0
55	86.0
60	86.6
65	87.9
70	89.3
75	89.8
80	91.0
85	91.10000000000001
90	91.3
95	91.3
100	91.3
Looping Workload
5	0.0
10	0.0
15	0.0
20	0.0
25	0.0
30	0.0
35	0.0
40	0.0
45	0.0
50	0.0
55	0.0
60	0.0
65	0.0
70	0.0
75	0.0
80	0.0
85	0.0
90	0.0
95	0.0
100	90.0
Random Workload
5	5.6000000000000005
10	10.8
15	16.1
20	21.099999999999998
25	26.400000000000002
30	31.1
35	35.0
40	39.900000000000006
45	44.1
50	49.5
55	54.7
60	58.699999999999996
65	63.9
70	67.4
75	70.89999999999999
80	75.3
85	80.2
90	83.5
95	87.3
100	90.0
