OptimalPolicy
Memory Size vs Hit Rate
8020 Workload
5	84.5
10	85.0
15	86.6
20	86.1
25	86.5
30	86.7
35	86.1
40	86.6
45	86.9
50	87.7
55	88.1
60	88.4
65	89.4
70	89.1
75	89.4
80	90.5
85	90.9
90	91.3
95	91.3
100	91.3
Looping Workload
5	80.5
10	81.0
15	81.5
20	82.0
25	82.5
30	83.0
35	83.5
40	84.0
45	84.5
50	85.0
55	85.5
60	86.0
65	86.5
70	87.0
75	87.5
80	88.0
85	88.5
90	89.0
95	89.5
100	90.0
Random Workload
5	82.39999999999999
10	82.69999999999999
15	83.2
20	83.7
25	84.2
30	84.7
35	85.1
40	85.5
45	85.9
50	86.4
55	86.8
60	87.1
65	87.4
70	87.8
75	88.2
80	88.6
85	89.0
90	89.3
95	89.60000000000001
100	90.0
