RandomPolicy
Memory Size vs Hit Rate
8020 Workload
5	14.799999999999999
10	30.0
15	41.3
20	53.400000000000006
25	60.3
30	66.10000000000001
35	69.39999999999999
40	74.8
45	78.7
50	79.5
55	84.39999999999999
60	85.1
65	87.1
70	88.4
75	89.2
80	90.5
85	90.9
90	91.3
95	91.3
100	91.3
Looping Workload
5	0.0
10	0.0
15	0.0
20	0.3
25	0.8999999999999999
30	3.6999999999999997
35	6.9
40	9.3
45	12.7
50	18.2
55	23.799999999999997
60	29.099999999999998
65	36.6
70	41.5
75	48.6
80	56.89999999999999
85	64.7
90	72.5
95	81.0
100	90.0
Random Workload
5	5.800000000000001
10	10.7
15	16.400000000000002
20	20.1
25	25.8
30	30.599999999999998
35	34.1
40	40.5
45	46.1
50	48.699999999999996
55	53.7
60	58.699999999999996
65	63.5
70	66.3
75	70.0
80	74.9
85	80.5
90	83.1
95	87.3
100	90.0
